0.4980392156862745 0.15294117647058825 0.01568627450980392
0.6901960784313725 0.2235294117647059 0.011764705882352941
0.8666666666666667 0.3058823529411765 0.011764705882352941
0.9529411764705882 0.43137254901960786 0.10196078431372549
0.9921568627450981 0.5686274509803921 0.2549019607843137
0.9921568627450981 0.6941176470588235 0.4392156862745098
0.9921568627450981 0.8196078431372549 0.6431372549019608
0.996078431372549 0.9019607843137255 0.8117647058823529
0.8745098039215686 0.9215686274509803 0.9686274509803922
0.7803921568627451 0.8627450980392157 0.9372549019607843
0.6313725490196078 0.796078431372549 0.8862745098039215
0.44313725490196076 0.6941176470588235 0.8431372549019608
0.2823529411764706 0.5882352941176471 0.7843137254901961
0.1568627450980392 0.4627450980392157 0.7215686274509804
0.058823529411764705 0.3411764705882353 0.6313725490196078
0.03137254901960784 0.18823529411764706 0.4196078431372549
