0.19607843137254902 0.19607843137254902 0.19607843137254902
0.27450980392156865 0.27450980392156865 0.27450980392156865
0.35294117647058826 0.35294117647058826 0.35294117647058826
0.43529411764705883 0.43529411764705883 0.43529411764705883
0.5137254901960784 0.5137254901960784 0.5137254901960784
0.596078431372549 0.596078431372549 0.596078431372549
0.6745098039215687 0.6745098039215687 0.6745098039215687
0.7568627450980392 0.7568627450980392 0.7568627450980392
0.8392156862745098 0.8392156862745098 0.8392156862745098
0.9215686274509803 0.9215686274509803 0.9215686274509803
0.996078431372549 0.984313725490196 0.9647058823529412
1 0.9450980392156862 0.8156862745098039
1 0.9058823529411765 0.6666666666666666
1 0.8313725490196079 0.5019607843137255
1 0.7450980392156863 0.32941176470588235
0.996078431372549 0.6705882352941176 0.1803921568627451
0.9882352941176471 0.6352941176470588 0.1607843137254902
0.9803921568627451 0.6 0.1411764705882353
0.9137254901960784 0.5254901960784314 0.12156862745098039
0.788235294117647 0.396078431372549 0.09411764705882353
