1 1 1
0.9490196078431372 0.9686274509803922 0.9882352941176471
0.8941176470588236 0.9372549019607843 0.9725490196078431
0.8509803921568627 0.9058823529411765 0.9607843137254902
0.8117647058823529 0.8823529411764706 0.9490196078431372
0.7686274509803922 0.8549019607843137 0.9333333333333333
0.7058823529411765 0.8274509803921568 0.9137254901960784
0.6431372549019608 0.8 0.8901960784313725
0.5686274509803921 0.7647058823529411 0.8705882352941177
0.49019607843137253 0.7176470588235294 0.8549019607843137
0.40784313725490196 0.6745098039215687 0.8352941176470589
0.34509803921568627 0.6274509803921569 0.807843137254902
0.2784313725490196 0.5843137254901961 0.7843137254901961
0.22745098039215686 0.5333333333333333 0.7568627450980392
0.17254901960784313 0.47843137254901963 0.7294117647058823
0.12156862745098039 0.42745098039215684 0.6980392156862745
0.08627450980392157 0.3764705882352941 0.6588235294117647
0.043137254901960784 0.3254901960784314 0.6196078431372549
0.03529411764705882 0.27058823529411763 0.5450980392156862
0.03137254901960784 0.18823529411764706 0.4196078431372549
