0.3411764705882353 0.3411764705882353 0.3411764705882353
0.47058823529411764 0.47058823529411764 0.47058823529411764
0.6039215686274509 0.6039215686274509 0.6039215686274509
0.7490196078431373 0.7490196078431373 0.7490196078431373
0.8549019607843137 0.8549019607843137 0.8549019607843137
0.9411764705882353 0.9411764705882353 0.9411764705882353
1 0.9764705882352941 0.7803921568627451
1 0.9333333333333333 0.6588235294117647
1 0.8666666666666667 0.5215686274509804
0.996078431372549 0.7803921568627451 0.3333333333333333
1 0.6588235294117647 0.21568627450980393
0.9686274509803922 0.5411764705882353 0.12941176470588237